"","RouteNumStopNum","JulianDate","Pcru","MinAfterSunset","Wind","Sky","Temperature"
"1",211202.01,72,3,48,1,0,8.3
"2",211202.02,72,3,64,1,0,7.8
"3",211202.03,72,3,72,1,0,7.8
"4",211202.04,72,3,81,1,0,7.8
"5",211202.05,72,3,90,1,0,7.8
"6",211202.06,72,3,97,1,1,7.2
"7",211202.07,72,2,106,1,1,7.8
"8",211202.08,72,1,114,1,1,7.2
"9",211202.09,72,3,122,1,1,7.8
"10",211202.1,72,3,130,1,1,8.3
"11",211001.01,82,3,51,3,0,8.9
"12",211001.02,82,0,73,3,0,8.9
"13",211001.03,82,1,86,3,0,10
"14",211001.04,82,0,101,3,0,8.9
"15",211001.05,82,0,115,3,0,9.4
"16",211001.06,82,0,136,2,0,8.9
"17",211001.07,82,0,155,2,0,10
"18",211001.08,82,0,168,2,0,9.4
"19",211001.09,82,0,181,2,0,9.4
"20",211001.1,82,0,192,2,0,9.4
"21",210302.01,89,3,37,2,2,12.2
"22",210302.02,89,3,47,2,2,12.2
"23",210302.03,89,2,57,2,2,11.7
"24",210302.04,89,1,67,2,2,11.7
"25",210302.05,89,3,77,2,2,11.7
"26",210302.06,89,0,87,1,2,10.6
"27",210302.07,89,0,97,1,2,10.6
"28",210302.08,89,0,107,1,2,10
"29",210302.09,89,3,117,1,2,10
"30",210302.1,89,2,127,1,2,9.4
"31",210801.01,90,2,108,0,2,8
"32",210801.02,90,2,116,0,2,10
"33",210801.03,90,3,134,0,2,8
"34",210801.04,90,3,144,0,2,8
"35",210801.05,90,3,162,0,2,7
"36",210801.06,90,0,170,0,2,8
"37",210801.07,90,2,181,0,2,8
"38",210801.08,90,2,193,0,2,6.5
"39",210801.09,90,0,199,0,2,7
"40",210801.1,90,1,211,0,2,6
"41",210702.01,93,3,91,1,0,6
"42",210702.02,93,3,100,1,0,5
"43",210702.03,93,2,108,1,0,4
"44",210702.04,93,3,119,1,0,4
"45",210702.05,93,3,136,1,0,5
"46",210702.06,93,3,149,0,0,5
"47",210702.07,93,3,159,0,0,4
"48",210702.08,93,3,167,0,0,4
"49",210702.09,93,3,177,0,0,5
"50",210702.1,93,3,185,0,0,4
"51",211301.01,94,3,31,0,0,16
"52",211301.02,94,3,55,0,0,12
"53",211301.03,94,3,67,0,0,13
"54",211301.04,94,0,79,0,0,10
"55",211301.05,94,0,91,0,0,11
"56",211301.06,94,0,103,0,0,11
"57",211301.07,94,0,115,0,0,11
"58",211301.08,94,3,127,0,0,11
"59",211301.09,94,0,139,0,0,14
"60",211301.1,94,0,151,0,0,12
"61",210602.01,95,3,31,2,0,15
"62",210602.02,95,3,41,2,0,14
"63",210602.03,95,3,56,2,0,13
"64",210602.04,95,3,66,2,0,12
"65",210602.05,95,3,76,2,0,12
"66",210602.06,95,3,86,2,0,11
"67",210602.07,95,3,96,2,0,9
"68",210602.08,95,3,106,2,0,9
"69",210602.09,95,3,111,2,0,8
"70",210602.1,95,0,121,2,0,8
"71",211101.01,95,3,33,1,0,7
"72",211101.02,95,3,45,1,0,5.5
"73",211101.03,95,3,60,1,0,6.5
"74",211101.04,95,0,72,1,0,9
"75",211101.05,95,3,92,1,0,8
"76",211101.06,95,3,110,2,0,7
"77",211101.07,95,3,133,2,0,7
"78",211101.08,95,3,146,2,0,7
"79",211101.09,95,3,158,2,0,6.3
"80",211101.1,95,3,168,2,0,5
"81",211102.01,95,3,41,0,0,12
"82",211102.02,95,2,52,0,0,10
"83",211102.03,95,0,59,0,0,9
"84",211102.04,95,0,70,0,0,9
"85",211102.05,95,3,81,0,0,10
"86",211102.06,95,3,86,1,0,8
"87",211102.07,95,3,99,1,0,11
"88",211102.08,95,3,106,1,0,9
"89",211102.09,95,3,116,1,0,8
"90",211102.1,95,3,126,1,0,7
"91",210601.01,96,3,44,0,1,14.4
"92",210601.02,96,3,54,0,1,14.4
"93",210601.03,96,3,64,0,1,14.4
"94",210601.04,96,3,72,0,1,13.9
"95",210601.05,96,3,84,0,1,13.9
"96",210601.06,96,3,92,0,1,13.9
"97",210601.07,96,3,100,0,1,13.9
"98",210601.08,96,3,108,0,1,13.9
"99",210601.09,96,3,115,0,1,13.9
"100",210601.1,96,3,122,0,1,13.9
"101",210902.01,103,3,52,0,0,17
"102",210902.02,103,3,66,0,0,17
"103",210902.03,103,3,73,0,0,17
"104",210902.04,103,3,80,0,0,17
"105",210902.05,103,3,87,0,0,17
"106",210902.06,103,3,94,1,0,17
"107",210902.07,103,3,101,1,0,17
"108",210902.08,103,3,108,1,0,17
"109",210902.09,103,3,115,1,0,17
"110",210902.1,103,3,122,1,0,17
"111",210802.01,111,1,76,0,1,25
"112",210802.02,111,2,86,0,1,23
"113",210802.03,111,2,93,0,1,23
"114",210802.04,111,3,99,0,1,21
"115",210802.05,111,0,109,0,1,21
"116",210802.06,111,0,116,0,1,21
"117",210802.07,111,3,119,0,1,26
"118",210802.08,111,0,130,0,1,22
"119",210802.09,111,2,137,0,1,22
"120",210802.1,111,1,140,0,1,23
"121",210702.01,113,2,84,3,0,22
"122",210702.02,113,3,94,3,0,20
"123",210702.03,113,3,103,3,0,21
"124",210702.04,113,2,115,3,0,20
"125",210702.05,113,3,124,3,0,20
"126",210702.06,113,1,134,3,0,20
"127",210702.07,113,1,143,3,0,20
"128",210702.08,113,2,155,3,0,19
"129",210702.09,113,0,164,3,0,19
"130",210702.1,113,2,172,3,0,19
"131",211001.01,117,2,26,3,2,17.8
"132",211001.02,117,1,41,3,2,17.8
"133",211001.03,117,1,55,3,2,17.8
"134",211001.04,117,0,73,3,2,18.9
"135",211001.05,117,0,82,3,2,17.2
"136",211001.06,117,0,99,0,0,17.8
"137",211001.07,117,0,109,0,0,17.2
"138",211001.08,117,0,122,0,0,15.6
"139",211001.09,117,0,134,0,0,15.6
"140",211001.1,117,0,145,0,0,16.7
"141",210601.01,120,2,81,0,0,15.6
"142",210601.02,120,2,91,0,0,15.6
"143",210601.03,120,1,99,0,0,15.6
"144",210601.04,120,3,109,0,0,15.6
"145",210601.05,120,3,121,0,0,15.6
"146",210601.06,120,1,134,1,0,15.6
"147",210601.07,120,2,141,1,0,15
"148",210601.08,120,3,149,1,0,15
"149",210601.09,120,1,156,1,0,14.4
"150",210601.1,120,3,165,1,0,15
"151",211101.01,122,1,32,0,0,19
"152",211101.02,122,3,43,0,0,16.5
"153",211101.03,122,2,57,0,0,16.5
"154",211101.04,122,0,68,0,0,18
"155",211101.05,122,2,88,0,0,19.5
"156",211101.06,122,1,106,1,0,16.5
"157",211101.07,122,1,138,1,0,19
"158",211101.08,122,0,147,1,0,17.5
"159",211101.09,122,3,163,1,0,16
"160",211101.1,122,3,172,1,0,14
"161",210801.01,123,0,32,1,1,23.5
"162",210801.02,123,0,41,1,1,21.5
"163",210801.03,123,0,64,1,1,19
"164",210801.04,123,0,72,1,1,19.5
"165",210801.05,123,2,84,1,1,17.5
"166",210801.07,123,0,104,1,1,19.5
"167",210801.08,123,1,113,1,1,17.5
"168",210801.09,123,0,124,1,1,18
"169",210801.1,123,0,132,1,1,16.5
"170",211202.01,124,0,54,2,0,23.9
"171",211202.02,124,0,61,2,0,21.1
"172",211202.03,124,0,70,2,0,21.7
"173",211202.04,124,0,79,2,0,21.1
"174",211202.05,124,1,88,2,0,20.6
"175",211202.06,124,1,97,1,0,19.4
"176",211202.07,124,0,113,1,0,19.4
"177",211202.08,124,0,120,1,0,19.4
"178",211202.09,124,0,131,1,0,20.6
"179",211202.1,124,0,139,1,0,20
"180",210302.02,129,0,-21,2,1,16.1
"181",210302.03,129,0,-11,2,1,16.1
"182",210302.04,129,0,-1,2,1,16.1
"183",210302.05,129,0,9,2,1,16.1
"184",210302.06,129,0,19,2,1,15
"185",210302.07,129,0,29,2,1,15.6
"186",210302.08,129,0,39,2,1,15.6
"187",210302.09,129,0,49,2,1,15
"188",210302.1,129,0,59,2,1,15
"189",211002.01,130,0,32,0,0,20.6
"190",211002.02,130,0,43,0,0,18.9
"191",211002.03,130,0,53,0,0,18.9
"192",211002.04,130,0,66,0,0,18.3
"193",211002.05,130,0,75,0,0,18.3
"194",211002.06,130,0,83,1,0,16.7
"195",211002.07,130,1,93,1,0,16.7
"196",211002.08,130,0,103,1,0,13.9
"197",211002.09,130,0,113,1,0,13.9
"198",211002.1,130,0,120,1,0,13.9
"199",211102.01,131,0,31,0,0,22
"200",211102.02,131,0,43,0,0,23
"201",211102.03,131,0,54,0,0,20
"202",211102.04,131,0,65,0,0,21
"203",211102.05,131,0,78,0,0,20
"204",211102.06,131,0,85,1,0,20
"205",211102.07,131,0,93,1,0,21
"206",211102.08,131,0,100,1,0,22
"207",211102.09,131,0,108,1,0,21
"208",211102.1,131,0,115,1,0,20
"209",210602.01,135,2,69,2,1,15
"210",210602.02,135,1,74,2,1,15
"211",210602.03,135,2,99,2,1,14.4
"212",210602.04,135,0,114,2,1,14.4
"213",210602.05,135,1,124,2,1,13.9
"214",210602.06,135,0,134,2,2,13.9
"215",210602.07,135,0,144,2,2,13.9
"216",210602.08,135,1,154,2,2,13.9
"217",210602.09,135,0,164,2,2,13.3
"218",210602.1,135,0,174,2,2,13.9
"219",211301.01,135,0,-9,0,0,18
"220",211301.02,135,0,15,0,0,18
"221",211301.03,135,0,27,0,0,19
"222",211301.04,135,0,39,0,0,19
"223",211301.05,135,0,51,0,0,17
"224",211301.06,135,0,63,0,0,16
"225",211301.07,135,0,75,0,0,21
"226",211301.08,135,0,87,0,0,20
"227",211301.09,135,0,99,0,0,19
"228",211301.1,135,0,111,0,0,19
"229",210601.01,156,0,74,0,0,21.1
"230",210601.02,156,1,84,0,0,21.1
"231",210601.03,156,0,96,0,0,21.1
"232",210601.04,156,0,164,0,0,20.6
"233",210601.05,156,1,173,0,0,21.1
"234",210601.06,156,0,179,0,0,20.6
"235",210601.07,156,0,191,0,0,20.6
"236",210601.08,156,0,206,0,0,20
"237",210601.09,156,0,219,0,0,20
"238",210601.1,156,0,228,0,0,20
"239",211101.01,157,0,30,1,2,19
"240",211101.02,157,0,45,1,2,18
"241",211101.03,157,0,58,1,2,19.5
"242",211101.04,157,0,69,1,2,20
"243",211101.05,157,0,87,1,2,21
"244",211101.06,157,0,106,1,5,20
"245",211101.07,157,0,128,1,5,21
"246",211101.08,157,0,137,1,5,20
"247",211101.09,157,0,150,1,5,20.5
"248",211101.1,157,0,159,1,5,21
"249",210302.01,159,3,36,0,0,19.4
"250",210302.02,159,2,46,0,0,19.4
"251",210302.03,159,0,56,0,0,19.4
"252",210302.04,159,2,66,0,0,19.4
"253",210302.05,159,0,76,0,0,19.4
"254",210302.06,159,0,86,0,0,19.4
"255",210302.07,159,0,96,0,0,19.4
"256",210302.08,159,0,106,0,0,18.3
"257",210302.09,159,2,116,0,0,19.4
"258",210302.1,159,0,126,0,0,18.3
"259",211202.01,160,0,97,1,0,17.2
"260",211202.02,160,0,106,1,0,16.7
"261",211202.03,160,0,115,1,0,17.2
"262",211202.04,160,0,138,1,0,17.8
"263",211202.05,160,0,148,1,0,17.2
"264",211202.06,160,0,155,1,0,17.8
"265",211202.07,160,0,166,1,0,17.2
"266",211202.08,160,0,174,1,0,17.2
"267",211202.09,160,0,183,1,0,17.2
"268",211202.1,160,0,192,1,0,17.2
"269",211002.01,161,0,33,1,0,23.9
"270",211002.02,161,0,43,1,0,22.8
"271",211002.03,161,0,50,1,0,21.7
"272",211002.04,161,0,69,1,0,21.7
"273",211002.05,161,0,76,1,0,21.7
"274",211002.06,161,0,83,0,0,20.6
"275",211002.07,161,0,94,0,0,19.4
"276",211002.08,161,0,103,0,0,18.9
"277",211002.09,161,0,115,0,0,16.7
"278",211002.1,161,0,125,0,0,17.2
"279",211102.01,169,0,34,0,0,22
"280",211102.02,169,0,46,0,0,21
"281",211102.03,169,0,56,0,0,20
"282",211102.04,169,0,64,0,0,21
"283",211102.05,169,0,77,0,0,21
"284",211102.06,169,0,84,0,0,20
"285",211102.07,169,0,92,0,0,21
"286",211102.08,169,0,99,0,0,21
"287",211102.09,169,0,110,0,0,20
"288",211102.1,169,0,118,0,0,20
"289",210702.01,171,0,48,2,0,26
"290",210702.02,171,0,56,2,0,25
"291",210702.03,171,0,60,2,0,28
"292",210702.04,171,0,77,2,0,23
"293",210702.05,171,0,85,2,0,23
"294",210702.06,171,0,93,2,0,23
"295",210702.07,171,0,101,2,0,23
"296",210702.08,171,0,108,2,0,24
"297",210702.09,171,0,116,2,0,23
"298",210702.1,171,0,129,2,0,24
"299",210602.01,175,0,75,3,2,21.1
"300",210602.02,175,0,85,3,2,21.1
"301",210602.03,175,0,100,3,2,20
"302",210602.04,175,0,110,3,2,20
"303",210602.05,175,0,120,3,2,20
"304",210602.06,175,0,135,2,2,19.4
"305",210602.07,175,0,145,2,2,19.4
"306",210602.08,175,0,160,2,2,18.9
"307",210602.09,175,0,170,2,2,19.4
"308",210602.1,175,0,180,2,2,18.9
"309",210801.01,177,0,56,0,0,23
"310",210801.02,177,0,68,0,0,23
"311",210801.03,177,0,92,0,0,22.5
"312",210801.04,177,0,100,0,0,23.5
"313",210801.05,177,0,112,0,0,22.5
"314",210801.06,177,0,121,0,0,23.5
"315",210801.07,177,0,130,0,0,22
"316",210801.08,177,0,143,0,0,21.5
"317",210801.09,177,0,155,0,0,20
"318",210801.1,177,0,163,0,0,20
"319",211001.01,178,0,11,0,0,26.1
"320",211001.02,178,0,27,0,0,25.6
"321",211001.03,178,0,39,0,0,25.6
"322",211001.04,178,0,49,0,0,25.6
"323",211001.05,178,0,58,0,0,25.6
"324",211001.06,178,0,70,0,0,24.4
"325",211001.07,178,0,80,0,0,24.4
"326",211001.08,178,0,93,0,0,25
"327",211001.09,178,0,104,0,0,24.4
"328",211001.1,178,0,113,0,0,25.6
"329",211301.02,179,0,-9,0,0,26
"330",211301.03,179,0,3,0,0,26
"331",211301.04,179,0,15,0,0,26
"332",211301.05,179,0,27,0,0,27
"333",211301.06,179,0,39,0,0,26
"334",211301.07,179,0,51,0,0,26
"335",211301.08,179,0,63,0,0,27
"336",211301.09,179,0,75,0,0,28
"337",211301.1,179,0,87,0,0,28
